0 6.27401e-300
1 6595
2 6594
3 6584
4 6574
5 6586
6 6589
7 6588
8 6580
9 6581
10 6591
11 6593
12 6594
13 6590
14 6581
15 6578
16 6581
17 415
18 429
19 414
20 404
21 420
22 415
23 6604
24 6598
25 6597
26 387
27 379
28 378
29 389
30 374
31 332
32 337
33 343
34 319
35 287
36 294
37 287
38 284
39 281
40 272
41 272
42 283
43 333
44 342
45 102
46 92
47 106
48 107
49 114
50 103
51 107
52 98
53 335
54 347
55 348
56 345
57 345
58 345
59 354
60 354
61 369
62 385
63 345
64 332
65 329
66 340
67 330
68 338
69 328
70 331
71 330
72 340
73 336
74 337
75 331
76 331
77 338
78 337
79 341
80 331
81 353
82 470
83 6649
84 176
85 6646
86 333
87 344
88 328
89 347
90 380
91 368
92 364
93 368
94 365
95 359
96 366
97 384
98 385
99 390
100 389
101 382
102 385
103 387
104 388
105 390
106 392
107 390
108 393
109 404
110 387
111 115
112 66
113 64
114 72
115 66
116 70
117 75
118 272
119 415
120 408
121 408
122 412
123 387
124 387
125 386
126 383
127 392
128 378
129 385
130 385
131 392
132 396
133 399
134 400
135 410
136 415
137 409
138 410
139 415
140 442
141 439
142 448
143 416
144 418
145 416
146 416
147 411
148 383
149 391
150 452
151 6575
152 6577
153 6579
154 579
155 558
156 556
157 565
158 579
159 589
160 99
161 92
162 85
163 74
164 75
165 86
166 79
167 78
168 78
169 80
170 6601
171 6594
172 6595
173 6595
174 6594
175 6600
176 98
177 109
178 109
179 101
180 100
181 110
182 6572
183 6580
184 6590
185 6581
186 6580
187 6579
188 6570
189 6588
190 6579
191 6581
192 6581
193 6602
194 277
195 83
196 65
197 73
198 72
199 81
200 71
201 71
202 72
203 64
204 72
205 69
206 69
207 66
208 67
209 69
210 73
211 70
212 74
213 72
214 70
215 64
216 64
217 72
218 70
219 67
220 64
221 71
222 72
223 68
224 232
225 6581
226 6582
227 6584
228 6587
229 6586
230 6586
231 6586
232 6587
233 6587
234 6589
235 6578
236 885
237 1121
238 6627
239 465
240 505
241 565
242 544
243 625
244 655
245 731
246 870
247 6582
248 6579
249 6578
250 6578
251 6571
252 1104
253 1026
254 984
255 947
256 943
257 946
258 947
259 954
260 991
261 6573
262 893
263 614
264 6573
265 6576
266 6583
267 6583
268 6583
269 6576
270 6587
271 6588
272 6578
273 6568
274 6583
275 6577
276 6586
277 6597
278 6588
279 6580
280 6582
281 6582
282 6575
283 6592
284 6584
285 6582
286 6580
287 6589
288 6588
289 6574
290 6583
291 6584
292 6583
293 6584
294 6587
295 6577
296 6581
297 6585
298 6584
299 6575
300 6574
301 6576
302 6578
303 6577
304 6586
305 6578
306 6580
307 6581
308 6582
309 6582
310 6579
311 6576
312 6577
313 6579
314 6588
315 6581
316 6573
317 6582
318 799
319 652
320 6576
321 6585
322 6574
323 6573
324 6571
325 6582
326 6574
327 6574
328 6574
329 6576
330 6576
331 6576
332 6586
333 6589
334 6577
335 6573
336 6574
337 6576
338 6576
339 6578
340 6577
341 6569
342 6595
343 6580
344 6574
345 6584
346 6581
347 6572
348 6570
349 6579
350 6581
351 6581
352 6582
353 6574
354 6574
355 6574
356 6575
357 6586
358 6582
359 6589
360 6570
361 6580
362 6581
363 6573
364 6573
365 6582
366 6584
367 6575
368 6577
369 6580
370 6579
371 6575
372 6573
373 6565
374 6575
375 6575
376 6577
377 6578
378 6579
379 6589
380 6581
381 6579
382 6587
383 6576
384 6577
385 6579
386 6580
387 6571
388 6571
389 6580
390 6582
391 6573
392 886
393 848
394 858
395 875
396 900
397 871
398 855
399 505
400 822
401 827
402 828
403 831
404 582
405 886
406 868
407 851
408 850
409 842
410 842
411 843
412 842
413 840
414 840
415 851
416 831
417 830
418 825
419 797
420 731
421 529
422 802
423 6570
424 508
425 6585
426 6571
427 6575
428 6589
429 6592
430 6573
431 6571
432 6577
433 6570
434 6571
435 6571
436 6574
437 6573
438 6573
439 6575
440 6583
441 6568
442 6585
443 6575
444 6573
445 6564
446 6573
447 6567
448 6575
449 6575
450 6575
451 6568
452 6568
453 6571
454 6581
455 6571
456 6569
457 1034
458 1025
459 1005
460 997
461 994
462 996
463 998
464 6584
465 6604
466 6589
467 988
468 947
469 6579
470 6570
471 6579
472 6581
473 6573
474 6578
475 6572
476 6581
477 6583
478 6585
479 6577
480 6575
481 6573
482 6580
483 6564
484 6576
485 6575
486 6583
487 6593
488 6577
489 6577
490 6579
491 6580
492 6579
493 6568
494 6575
495 6575
496 6577
497 6568
498 6579
499 6578
500 6578
501 6576
502 6579
503 974
504 6572
505 6588
506 6584
507 6576
508 6578
509 6571
510 6580
511 6572
512 6572
513 6580
514 333
515 331
516 327
517 318
518 324
519 329
520 323
521 324
522 322
523 382
524 465
525 530
526 597
527 627
528 648
529 647
530 653
531 662
532 652
533 647
534 635
535 571
536 737
537 618
538 6569
539 6579
540 6571
541 6581
542 6586
543 6577
544 6567
545 6569
546 6569
547 6579
548 6579
549 476
550 490
551 460
552 436
553 427
554 430
555 429
556 431
557 432
558 429
559 440
560 433
561 433
562 440
563 440
564 481
565 615
566 581
567 6572
568 6572
569 6572
570 6574
571 564
572 586
573 412
574 421
575 427
576 420
577 431
578 408
579 407
580 413
581 395
582 406
583 586
584 627
585 520
586 6578
587 6577
588 6579
589 6579
590 6582
591 6579
592 6577
593 6577
594 6577
595 352
596 6598
597 6571
598 6579
599 6579
600 6573
601 6572
602 6574
603 6581
604 6579
605 6569
606 781
607 651
608 614
609 605
610 608
611 612
612 623
613 612
614 615
615 612
616 604
617 584
618 593
619 596
620 612
621 602
622 615
623 608
624 615
625 607
626 411
627 615
628 615
629 619
630 621
631 615
632 623
633 613
634 290
635 318
636 649
637 628
638 626
639 633
640 618
641 631
642 471
643 641
644 295
645 627
646 609
647 636
648 770
649 6573
650 6572
651 6574
652 6583
653 6581
654 6579
655 6578
656 6579
657 6581
658 6581
659 6581
660 6572
661 6574
662 6574
663 6582
664 382
665 6574
666 6581
667 6570
668 6572
669 6574
670 6583
671 6575
672 6574
673 6575
674 6575
675 6577
676 6578
677 6579
678 6576
679 6575
680 6575
681 6577
682 6586
683 6577
684 6587
685 6586
686 6578
687 6590
688 6580
689 6581
690 6578
691 6577
