0 455
1 455
2 455
3 455
4 455
5 455
6 455
7 455
8 456
9 455
10 455
11 456
12 455
13 455
14 455
15 455
16 455
17 456
18 455
19 455
20 455
21 455
22 455
23 455
24 455
25 456
26 455
27 455
28 456
29 455
30 455
31 455
32 456
33 456
34 455
35 455
36 456
37 455
38 456
39 457
40 456
41 456
42 457
43 456
44 456
45 457
46 456
47 456
48 456
49 456
50 456
51 456
52 456
53 456
54 456
55 456
56 456
57 456
58 456
59 456
60 456
61 456
62 456
63 456
64 456
65 456
66 456
67 456
68 455
69 456
70 456
71 455
72 456
73 456
74 456
75 455
76 456
77 456
78 456
79 456
80 455
81 456
82 455
83 456
84 455
85 456
86 456
87 455
88 456
89 455
90 456
91 455
92 456
93 456
94 456
95 456
96 456
97 456
98 456
99 456
100 456
101 456
102 456
103 456
104 456
105 456
106 456
107 456
108 456
109 456
110 456
111 456
112 456
113 456
114 456
115 456
116 456
117 456
118 456
119 456
120 456
121 456
122 456
123 456
124 456
125 456
126 456
127 456
128 456
129 456
130 456
131 456
132 456
133 456
134 456
135 456
136 456
137 455
138 456
139 456
140 455
141 456
142 455
143 456
144 456
145 456
146 456
147 455
148 456
149 456
150 456
151 455
152 456
153 456
154 456
155 456
156 455
157 456
158 456
159 456
160 456
161 456
162 457
163 456
164 455
165 455
166 456
167 455
168 455
169 455
170 456
171 455
172 455
173 456
174 456
175 456
176 455
177 456
178 455
179 455
180 456
181 455
182 456
183 455
184 455
185 456
186 455
187 455
188 456
189 455
190 455
191 456
192 456
193 456
194 456
195 456
196 456
197 456
198 456
199 456
200 456
201 456
202 456
203 456
204 456
205 456
206 455
207 456
208 455
209 456
210 456
211 456
212 456
213 456
214 457
215 456
216 456
217 456
218 456
219 456
220 456
221 456
222 456
223 456
224 456
225 456
226 456
227 456
228 456
229 456
230 456
231 456
232 456
233 456
234 455
235 456
236 456
237 456
238 455
239 456
240 455
241 456
242 456
243 456
244 456
245 455
246 456
247 456
248 456
249 456
250 456
251 456
252 456
253 456
254 456
255 456
256 457
257 456
258 456
259 456
260 456
261 456
262 456
263 456
264 456
265 456
266 456
267 456
268 456
269 456
270 456
271 456
272 456
273 456
274 456
275 456
276 456
277 456
278 456
279 456
280 456
281 456
282 456
283 456
284 456
285 456
286 456
287 456
288 455
289 456
290 456
291 456
292 456
293 456
294 456
295 456
296 456
297 456
298 456
299 456
300 456
301 456
302 456
303 456
304 455
305 455
306 456
307 455
308 455
309 456
310 455
311 455
312 456
313 455
314 456
315 455
316 456
317 455
318 456
319 456
320 456
321 456
322 456
323 456
324 456
325 456
326 456
327 456
328 456
329 456
330 457
331 455
332 455
333 455
334 455
335 455
336 455
337 455
338 455
339 455
340 456
341 455
342 455
343 456
344 455
345 456
346 456
347 456
348 456
349 456
350 456
351 456
352 456
353 457
354 456
355 456
356 456
357 456
358 456
359 456
360 456
361 456
362 456
363 456
364 456
365 456
366 456
367 456
368 456
369 456
370 456
371 456
372 456
373 456
374 456
375 456
376 456
377 456
378 456
379 456
380 456
381 456
382 456
383 456
384 456
385 456
386 456
387 456
388 456
389 456
390 456
391 456
392 456
393 456
394 456
395 456
396 456
397 456
398 456
399 456
400 456
401 455
402 456
403 455
404 455
405 455
406 455
407 455
408 455
409 455
410 455
411 455
412 455
413 455
414 455
415 456
416 456
417 455
418 455
419 456
420 455
421 456
422 455
423 455
424 456
425 456
426 455
427 456
428 455
429 456
430 456
431 456
432 456
433 456
434 457
435 456
436 456
437 456
438 456
439 456
440 456
441 456
442 456
443 456
444 456
445 456
446 456
447 456
448 455
449 456
450 455
451 456
452 456
453 456
454 456
455 456
456 456
457 456
458 456
459 456
460 456
461 456
462 455
463 456
464 456
465 456
466 456
467 457
468 456
469 456
470 456
471 455
472 455
473 456
474 457
475 456
476 455
477 456
478 456
479 456
480 456
481 455
482 456
483 456
484 456
485 456
486 456
487 456
488 456
489 457
490 456
491 456
492 456
493 456
494 456
495 456
496 456
497 456
498 456
499 456
500 456
501 456
502 456
503 456
504 456
505 456
506 456
507 456
508 456
509 456
510 456
511 455
512 456
513 456
514 455
515 456
516 456
517 456
518 456
519 456
520 456
521 456
522 456
523 456
524 456
525 456
526 456
527 455
528 456
529 456
530 456
531 455
532 455
533 455
534 455
535 455
536 455
537 455
538 456
539 455
540 456
541 455
542 456
543 456
544 456
545 456
546 456
547 455
548 456
549 455
550 455
551 456
552 455
553 455
554 456
555 455
556 456
557 456
558 456
559 455
560 455
561 455
562 456
563 456
564 455
565 455
566 456
567 455
568 455
569 456
570 456
571 456
572 455
573 456
574 455
575 455
576 455
577 455
578 456
579 456
580 456
581 456
582 456
583 456
584 456
585 456
586 456
587 456
588 456
589 456
590 456
591 456
592 456
593 456
594 456
595 456
596 456
597 456
598 456
599 456
600 456
601 456
602 456
603 456
604 456
605 456
606 456
607 456
608 456
609 456
610 456
611 455
612 456
613 456
614 455
615 456
616 456
617 455
618 456
619 455
620 455
621 455
622 455
623 456
624 456
625 456
626 456
627 456
628 456
629 456
630 456
631 456
632 456
633 456
634 456
635 457
636 456
637 456
638 456
639 456
640 455
641 457
642 456
643 456
644 456
645 456
646 456
647 456
648 456
649 456
650 456
651 456
652 456
653 456
654 456
655 456
656 456
657 456
658 456
659 456
660 456
661 456
662 456
663 456
664 456
665 455
666 455
667 455
668 455
669 456
670 455
671 455
672 456
673 456
674 456
675 456
676 455
677 455
678 456
679 456
680 456
681 456
682 456
683 456
684 456
685 456
686 456
687 456
688 456
689 456
690 456
691 456
692 456
693 456
694 456
695 456
696 456
697 456
698 456
699 456
700 456
701 456
702 456
703 456
704 456
705 456
706 456
707 455
708 455
709 455
710 455
711 455
712 455
713 455
714 455
715 455
716 455
717 455
718 455
719 455
720 455
721 456
722 456
723 456
724 456
725 456
726 456
727 456
728 456
729 456
730 456
731 456
732 455
733 456
734 456
735 456
736 456
737 456
738 456
739 456
740 456
741 456
742 456
743 456
744 456
745 456
746 456
747 456
748 456
749 455
750 455
751 455
752 456
753 455
754 455
755 455
756 456
757 455
758 456
759 456
760 455
761 456
762 456
763 456
764 457
765 456
766 456
767 456
768 456
769 456
770 456
771 456
772 457
773 456
774 456
775 456
776 456
777 455
778 455
779 455
780 455
781 455
782 455
783 455
784 455
785 455
786 455
787 455
788 455
789 455
790 456
791 456
792 456
793 456
794 456
795 456
796 456
797 456
798 456
799 456
800 456
801 456
802 456
803 456
804 456
805 456
806 456
807 456
808 456
809 456
810 456
811 456
812 457
813 456
814 456
815 456
816 456
817 456
818 456
819 456
820 456
821 456
822 456
823 456
824 456
825 456
826 456
827 456
828 456
829 456
830 456
831 456
832 456
833 456
834 456
835 456
836 456
837 456
838 456
839 456
840 456
841 456
842 456
843 456
844 456
845 456
846 456
847 456
848 456
849 456
850 456
851 456
852 456
853 456
854 456
855 456
856 456
857 456
858 456
859 456
860 455
861 455
862 455
863 455
864 455
865 455
866 455
867 455
868 455
869 455
870 456
871 455
872 455
873 455
874 456
875 456
876 456
877 456
878 456
879 456
880 456
881 456
882 456
883 456
884 456
885 456
886 456
887 456
888 456
889 456
890 456
891 456
892 456
893 456
894 456
895 456
896 456
897 456
898 456
899 456
900 456
901 456
902 456
903 456
904 456
905 456
906 456
907 455
908 456
909 456
910 456
911 456
912 456
913 457
914 456
915 456
916 456
917 456
918 456
919 456
920 456
921 456
922 456
923 456
924 456
925 456
926 456
927 456
928 456
929 456
930 455
931 456
932 456
933 456
934 456
935 456
936 456
937 455
938 455
939 456
940 455
941 456
942 456
943 455
944 455
945 456
946 455
947 456
948 456
949 456
950 456
951 455
952 455
953 456
954 456
955 455
956 455
957 456
958 456
959 456
960 456
961 456
962 456
963 456
964 457
965 456
966 456
967 456
968 456
969 456
970 456
971 456
972 456
973 456
974 456
975 456
976 456
977 456
978 456
979 456
980 456
981 456
982 456
983 456
984 456
985 456
986 456
987 456
988 456
989 456
990 456
991 456
992 456
993 456
994 456
995 456
996 456
997 456
998 456
999 456
1000 456
1001 456
1002 456
1003 456
1004 456
1005 456
1006 456
1007 456
1008 456
1009 456
1010 456
1011 456
1012 456
1013 456
1014 456
1015 456
1016 456
1017 456
1018 456
1019 456
1020 456
1021 456
1022 456
1023 456
1024 456
1025 456
1026 456
1027 456
1028 456
1029 456
1030 456
1031 456
1032 456
1033 456
1034 456
1035 456
1036 456
1037 456
1038 456
1039 456
1040 456
1041 456
1042 456
1043 456
1044 456
1045 456
1046 456
1047 456
1048 456
1049 456
1050 456
1051 456
1052 456
1053 456
1054 456
1055 456
1056 456
1057 456
1058 456
1059 456
1060 456
1061 456
1062 456
1063 456
1064 456
1065 456
1066 456
1067 456
1068 456
1069 456
1070 456
1071 456
1072 456
1073 456
1074 456
1075 456
1076 456
1077 456
1078 456
1079 456
1080 456
1081 456
1082 456
1083 456
1084 456
1085 456
1086 455
1087 456
1088 456
1089 456
1090 455
1091 456
1092 456
1093 456
1094 456
1095 455
1096 456
1097 456
1098 455
1099 456
1100 455
1101 456
1102 456
1103 455
1104 455
1105 455
1106 456
1107 455
1108 455
1109 455
1110 456
1111 456
1112 455
1113 456
1114 455
1115 456
1116 455
1117 455
1118 456
1119 457
1120 456
1121 456
1122 456
1123 456
1124 455
1125 456
1126 456
1127 456
1128 456
1129 456
1130 456
1131 456
1132 456
1133 457
1134 456
1135 456
1136 456
1137 456
1138 456
1139 456
1140 455
1141 456
1142 456
1143 455
1144 456
1145 455
1146 456
1147 456
1148 455
1149 456
1150 456
1151 455
1152 456
1153 456
1154 456
1155 456
1156 456
1157 456
1158 456
1159 456
1160 456
1161 456
1162 456
1163 455
1164 456
1165 456
1166 456
1167 456
1168 456
1169 456
1170 457
1171 456
1172 456
1173 456
1174 456
1175 456
1176 456
1177 456
1178 456
1179 456
1180 455
1181 456
1182 455
1183 455
1184 456
1185 455
1186 456
1187 456
1188 455
1189 456
1190 455
1191 455
1192 455
1193 455
1194 456
1195 455
1196 456
1197 456
1198 456
1199 456
1200 456
1201 456
1202 456
1203 456
1204 456
1205 456
1206 456
1207 456
1208 456
1209 456
1210 456
1211 456
1212 456
1213 456
1214 456
1215 456
1216 456
1217 456
1218 457
1219 456
1220 456
1221 456
1222 455
1223 455
1224 455
1225 455
1226 455
1227 455
1228 455
1229 455
1230 455
1231 455
1232 455
1233 455
1234 455
1235 455
1236 456
1237 456
1238 456
1239 456
1240 456
1241 456
1242 456
1243 456
1244 456
1245 456
1246 456
1247 456
1248 456
1249 456
1250 456
1251 456
1252 456
1253 456
1254 456
1255 456
1256 456
1257 456
1258 456
1259 456
1260 456
1261 456
1262 456
1263 456
1264 456
1265 456
1266 456
1267 456
1268 456
1269 456
1270 456
1271 456
1272 456
1273 456
1274 456
1275 456
1276 456
1277 456
1278 456
1279 456
1280 456
1281 456
1282 456
1283 456
1284 456
1285 456
1286 456
1287 456
1288 456
1289 456
1290 456
1291 456
1292 456
1293 456
1294 456
1295 456
1296 456
1297 456
1298 456
1299 456
1300 456
1301 456
1302 456
1303 456
1304 457
1305 456
1306 456
1307 456
1308 456
1309 456
1310 456
1311 456
1312 456
1313 456
1314 456
1315 456
1316 456
1317 456
1318 456
1319 456
1320 455
1321 456
1322 456
1323 456
1324 456
1325 456
1326 456
1327 456
1328 456
1329 456
1330 456
1331 456
1332 456
1333 456
1334 455
1335 456
1336 456
1337 455
1338 455
1339 456
1340 455
1341 456
1342 455
1343 457
1344 456
1345 455
1346 456
1347 455
1348 456
1349 456
1350 456
1351 456
1352 456
1353 456
1354 456
1355 456
1356 456
1357 456
1358 456
1359 456
1360 456
1361 457
1362 456
1363 456
1364 456
1365 455
1366 455
1367 456
1368 456
1369 455
1370 456
1371 455
1372 455
1373 456
1374 456
1375 456
1376 456
1377 456
1378 456
1379 456
1380 456
1381 456
1382 456
1383 456
1384 456
1385 456
1386 456
1387 456
1388 456
1389 456
1390 456
1391 456
1392 456
1393 456
1394 456
1395 456
1396 456
1397 456
1398 457
1399 455
1400 456
1401 456
1402 456
1403 455
1404 455
1405 455
1406 455
1407 455
1408 455
1409 455
1410 455
1411 456
1412 455
1413 456
1414 456
1415 456
1416 455
1417 456
1418 456
1419 456
1420 456
1421 456
1422 456
1423 457
1424 456
1425 457
1426 457
1427 456
1428 456
1429 456
1430 456
1431 456
1432 456
1433 456
1434 456
1435 456
1436 456
1437 456
1438 456
1439 456
1440 456
1441 456
1442 456
1443 456
1444 456
1445 456
1446 456
1447 456
1448 456
1449 455
1450 455
1451 456
1452 456
1453 456
1454 456
1455 455
1456 456
1457 456
1458 455
1459 456
1460 456
1461 455
1462 456
1463 456
1464 456
1465 456
1466 456
1467 456
1468 456
1469 456
1470 456
1471 456
1472 456
1473 456
1474 456
1475 455
1476 456
1477 455
1478 456
1479 456
1480 456
1481 455
1482 456
1483 456
1484 455
1485 456
1486 455
1487 456
1488 456
1489 456
1490 456
1491 456
1492 456
1493 456
1494 456
1495 456
1496 456
1497 456
1498 456
1499 456
